$ANSIBLE_VAULT;1.1;AES256
35643364643062663165336334656364626135343063633764666432663431393139653532386332
3166633937396563323230316161616230626132636363380a643035633631396635636532623163
66626562326261316436346437636338613863396664393664303361373462613430663938336333
6565613036663732370a663138386562386233626131393536623134353966373337643964666234
31383433393932303534663564636432616530613630363330356634366235653935303762646363
32353135366338303964313661333437316136613933323766303361633466633636373032633134
64633938333232333834316632376131333162363836333530666235353731643166396434396232
38386336316262303935633766313031333961316264356639646532306263663831396631346331
64666263633664333439396333663935636263393735313035623561393362613463323132643533
34653136393862313832343531366664663639303866643235623735613138356363646238313166
61646166383734633637306133663135643361353339623132316330313833343235333162396361
31613035646634343662353164376630363136623839373263636335353236316637396363393733
36623935653632303538653136653861396431353838346236373834336464343464636564623738
63666637326535636439623661306461643866663965613231323735383635626561306631373235
39636334633462326631393162366466386466616262633661373564383138663535623362336634
62326563373539636432333937336666346438633166373534383936393965306237386438646539
36643361623266653836306335333031633838323864646132326138313964376634323466396437
62393865363062313430656666373861366331623962616530366334356632356333666132383166
61626435663336346364343830353864373132396131636531326566613135333136653931333563
35336337653663333835623465363965616632623365663131363735343762323730633139666561
65306638323432373233336566393762613631326336313432333233633537353139613965316133
30386365306534393066633930396334303765356334646464333961323266353735656530383036
33333930613333626539393238373166626263303636363666396138356663323561393963656161
36393639383939623734656433356266353635643232616135613836663335656264636661306439
63303462396563383563326261623236343631363131373066663234323764613063316265303436
64383061663161616435393033626130306233613131366238663165623161656235656265306661
34653732393962643462346336616133373566303066323233326239356136373861613663633365
31616265353439333331
